-9.42617	-2.99995	-1.95720	-0.00507	0.00275	0.02020
0.15893	-10.40409	3.06674	-0.00241	0.00566	0.01931
5.00267	7.24825	2.52085	0.00677	0.00256	-0.02079
4.38230	-3.20693	10.00383	-0.01544	0.00811	0.00936
6.48092	0.67780	11.01767	-0.00951	-0.01471	0.00650
8.34404	-6.79141	-4.52929	0.00006	0.01090	-0.01623
-6.36614	-6.00248	-5.25345	0.01581	-0.01292	-0.00439
-11.77752	-6.01141	-3.53629	0.00761	-0.00593	-0.01528
-1.87820	-9.30728	-1.45273	0.01088	-0.00499	0.01788
-11.32315	-4.62721	-3.49631	0.00854	-0.01333	-0.01002
8.37827	7.38902	2.39591	0.00758	-0.00275	-0.01804
-4.63659	12.68506	-0.38075	0.00136	-0.00005	-0.01813
-4.70646	-8.68046	-9.74430	0.01624	-0.00757	-0.00110
12.73152	2.25680	-3.89416	-0.00316	0.01791	0.00006
2.77577	-10.31068	-4.64069	-0.00772	0.00561	-0.01709
7.05995	-5.33329	0.12192	-0.00209	-0.00327	-0.02205
-0.80024	-6.41704	7.65685	0.00138	0.01604	0.01359
4.70600	0.44406	-12.06955	-0.00237	0.01841	-0.00025
-8.24153	4.79518	2.58844	0.00972	0.00732	0.01738
-4.87323	9.56364	2.01625	0.01753	0.00957	-0.00303
-7.41283	-1.99225	5.42554	0.01191	0.00399	0.01774
-6.70702	-6.14079	10.22755	0.01229	-0.01325	0.00010
6.11559	8.49866	-7.10758	0.00905	0.00623	0.01524
-12.90293	2.34412	-4.59494	-0.00662	-0.00923	0.01388
11.05242	-7.43770	-1.27584	0.00674	0.01207	-0.01194
6.46441	-2.72931	11.93662	0.01542	0.00603	-0.00697
0.03115	-2.21927	11.52984	-0.01034	0.01622	0.00315
11.81182	7.03929	0.50799	0.00882	-0.01512	0.00430
-2.02677	10.57568	-4.05766	-0.00835	0.00497	0.01712
6.88458	9.12454	-7.77429	-0.00985	-0.00473	-0.01428
6.33407	-1.42430	12.38583	0.01281	-0.00982	-0.00768
-4.27319	4.37070	-7.38178	0.01733	0.01252	-0.00262
9.63681	2.50027	-3.61599	-0.00635	-0.00333	-0.01921
10.80542	0.30355	-2.01224	0.00251	0.01271	0.01541
1.84322	0.25765	-11.29867	0.00471	-0.01916	0.00033
0.28144	11.73335	2.82704	0.01035	0.00356	-0.01581
-3.40618	-7.48166	-11.06799	-0.01733	0.00073	0.00484
0.77107	-8.52480	7.38299	-0.01647	-0.00808	-0.00761
-6.21686	7.40119	9.44452	0.00305	0.01503	-0.00977
-12.30250	-4.18640	1.08419	-0.00589	0.01753	0.00084
6.05080	11.51231	-4.65139	-0.01411	0.00308	-0.01073
5.01281	-0.47501	-7.46000	-0.01844	-0.00108	-0.01232
9.26901	1.82732	6.96358	-0.01020	0.01318	0.01011
-8.96655	3.37327	-6.33772	-0.01217	-0.00446	0.01484
-3.00874	3.39764	13.21848	0.00650	0.01643	-0.00275
-3.94578	1.88789	13.06221	0.01597	-0.00607	0.00570
12.89905	0.43193	2.83918	0.00251	0.01246	-0.01329
5.30699	-9.86366	3.44326	0.01695	0.00667	-0.00700
10.15060	3.11363	-7.74928	-0.00990	0.01362	-0.00750
-7.96561	4.77086	-8.71028	0.00821	0.01675	0.00166
-12.06923	-4.00155	-2.27043	-0.00336	-0.00024	0.01829
-1.35978	-3.06125	-11.98057	-0.01883	0.00055	0.00200
0.86176	-9.25387	0.83642	0.02073	0.00133	-0.00669
-4.76613	11.28734	5.82205	0.01436	0.00924	-0.00615
9.34442	8.16125	4.24799	0.01290	-0.01236	-0.00464
9.03601	-0.32097	0.73861	0.00193	0.00499	-0.02147
-9.75848	4.50494	2.03825	-0.00708	-0.01798	0.00582
-10.08418	3.42011	-6.15829	-0.00420	0.01245	0.01379
3.40226	9.93137	3.18670	-0.01515	0.00094	0.01326
3.53069	4.40784	6.81604	0.01320	-0.01752	0.00449
5.70660	-0.54035	11.01709	-0.00099	0.01888	0.00144
-2.48824	12.49020	1.25954	0.01617	0.00407	-0.00841
-6.54121	9.28369	-3.40850	0.01546	0.01157	0.00184
-5.06096	8.39272	4.48455	0.01388	0.01259	-0.00790
1.15197	7.90414	4.35434	0.01912	-0.00735	0.00828
3.82619	7.86157	2.82153	0.01633	-0.00276	-0.01446
-0.85308	-0.16910	-9.89738	0.02074	-0.00385	-0.00172
12.84792	-3.10592	-4.11225	0.00651	0.01308	0.01046
-2.36308	-4.62244	-9.97960	-0.01305	-0.01222	0.00875
5.30202	1.51375	8.18031	0.00259	0.02036	-0.00544
2.92324	4.43429	-11.01332	0.01366	-0.01325	-0.00171
8.47373	-7.45242	-2.36850	0.00977	0.00603	0.01597
4.56072	-8.24140	-7.84299	-0.00377	-0.01395	0.01246
4.54322	8.30617	-6.86453	-0.01795	0.00497	-0.00586
0.82811	-10.37506	-3.01912	-0.01827	-0.00377	0.00795
-5.41489	4.42822	-5.36139	0.00898	-0.01045	-0.01771
1.49098	-3.46339	9.43018	0.01240	0.01637	0.00405
1.31162	-1.62212	-9.71234	0.01590	0.01396	-0.00019
7.56717	0.54968	-6.66130	-0.01150	0.01282	-0.01201
6.03576	3.65005	10.40714	0.01312	0.00845	-0.01057
8.98009	1.73818	8.94622	-0.00862	0.01559	0.00562
-0.52108	-3.35614	-13.53153	-0.01111	-0.01351	0.00378
7.98529	-10.08749	2.87995	0.00843	0.00203	-0.01624
-7.08181	6.39244	2.39107	-0.00119	-0.00858	0.01942
4.85326	11.54031	-3.58978	0.00091	-0.00584	-0.01755
-8.27153	-2.48136	-5.15033	0.01136	-0.01308	-0.01193
9.54229	-7.75957	2.22736	0.00308	0.00855	0.01657
11.16038	1.88946	5.43452	-0.00153	-0.01655	0.00891
-7.40061	-7.33817	5.62586	0.00260	-0.01328	-0.01391
7.49067	-3.91521	3.13806	-0.00868	-0.01998	-0.00420
-4.92693	8.20944	9.52358	0.01365	0.01165	-0.00298
8.58735	0.25781	2.58415	0.00637	-0.00521	-0.02066
11.08313	4.21645	-0.03083	-0.00689	0.01810	-0.00102
-2.98378	9.36277	5.46777	-0.01900	-0.00308	-0.00509
1.18929	11.21426	6.29804	0.00859	0.00737	-0.01475
-1.52137	-6.09776	9.62162	0.00984	0.01367	0.01022
-3.57907	-8.52326	-3.64634	-0.01940	0.00535	0.00653
10.95551	-0.84377	-4.95008	-0.00318	0.01625	-0.00981
-0.23683	-0.90626	9.48361	-0.02117	-0.00415	-0.00093
7.93063	5.31579	2.32110	-0.01155	0.01782	-0.00134
-2.43643	10.54600	1.19299	-0.01574	-0.00222	-0.01251
-1.60583	-3.96973	-9.23051	0.01185	0.01498	-0.00851
7.37034	-0.12900	-11.11866	-0.00381	-0.01775	-0.00232
10.31081	6.76999	-2.02575	-0.00865	0.01527	0.00700
2.63003	10.84730	-2.72448	-0.01147	0.00646	0.01466
-3.56532	3.00423	-12.39000	0.00729	0.01675	0.00196
-0.13159	10.52306	8.84103	-0.01675	-0.00441	0.00500
7.28757	-3.53257	-9.69328	-0.00847	0.01268	-0.01099
-3.98307	-11.88802	-5.44993	-0.01684	0.00294	0.00589
-3.44016	9.75203	-6.44422	-0.01423	0.00318	0.01240
-8.20870	3.20313	-2.74167	0.00322	-0.00875	-0.01986
-7.61305	9.34040	-4.95622	0.00764	0.01233	0.01150
-7.10868	4.51355	-3.80858	0.01338	0.00812	-0.01535
-3.52012	8.81763	6.17113	0.01241	0.01189	-0.00992
-8.34718	-3.97715	-4.19510	0.00805	0.00320	-0.01906
2.55746	2.03666	-10.15698	-0.00032	0.02005	0.00394
8.30082	5.46663	-8.62108	-0.00241	0.01639	0.00807
4.33639	1.93565	7.57947	0.00351	-0.02171	0.00353
3.07750	10.43416	-0.41445	-0.00877	0.00187	-0.01814
-6.41055	-6.34022	-9.29717	-0.01336	-0.00432	0.01216
11.45484	4.39626	1.95077	-0.00648	0.01772	-0.00187
5.50316	5.68967	-8.10558	0.00824	0.01165	0.01378
-5.38256	-7.39691	-0.02014	-0.00694	0.00510	-0.02028
-8.63451	1.75213	6.16015	0.00019	-0.01951	0.00582
-0.56233	2.85514	10.67757	0.00982	-0.01677	0.00500
-9.21669	-7.93925	6.33679	-0.00509	0.01402	0.01017
5.00092	2.08558	-9.94114	0.01584	-0.01047	0.00577
0.85867	1.89027	9.30822	0.02149	-0.00115	-0.00175
-8.51439	4.20260	9.97753	0.00184	-0.01590	0.00826
3.92481	-6.55751	10.23121	-0.01639	0.00326	0.00838
1.49708	-12.16570	-0.71112	0.01364	0.00090	0.01329
-1.45444	-11.19278	-0.53834	-0.01624	0.00156	0.01134
1.85471	10.73015	7.64885	0.01343	-0.00869	0.00894
2.16178	11.42993	-2.69532	-0.00739	-0.00276	-0.01765
8.00549	4.10438	9.12388	0.00383	-0.01768	0.00460
5.03974	-5.94692	11.17578	0.01557	0.00897	-0.00225
-4.76223	-6.11359	4.79985	-0.01390	-0.00249	-0.01697
-9.79101	-2.67308	7.54906	-0.00587	0.01780	-0.00131
-5.17375	-3.32032	7.10861	0.01688	0.00253	0.01347
-1.27912	-3.78320	11.67211	-0.01362	0.01300	0.00272
1.80544	-3.19962	-12.95867	0.01794	-0.00140	0.00284
-4.08677	9.74595	-7.04327	-0.01695	-0.00793	-0.00114
-9.15101	5.80454	4.10210	0.00754	0.01675	-0.00689
-9.22448	-0.81467	7.15004	-0.00588	-0.01606	-0.00942
-2.17006	1.55037	-9.78864	0.01579	0.01370	-0.00133
7.57739	5.70747	-7.15657	-0.00854	-0.00802	-0.01544
10.25863	-3.21953	-0.05547	0.00514	0.01655	-0.01068
-7.38898	6.79573	-5.78196	-0.01396	-0.00394	0.01321
-4.10972	-10.92269	-6.39010	-0.01230	0.01000	-0.00919
-0.39026	-2.41422	12.78608	0.00645	-0.01710	-0.00303
6.36859	-6.95724	5.94788	0.00085	0.01342	0.01479
10.84262	6.91284	-4.28511	-0.01066	0.01406	-0.00428
1.13053	5.66072	-11.95585	0.00699	-0.01557	-0.00671
-5.93461	-5.06745	-7.18548	-0.01113	0.01698	-0.00278
11.02644	-1.75977	3.11535	0.00454	-0.00442	-0.01856
10.79901	0.32949	-5.96488	0.00689	0.01190	0.01314
-1.30486	-11.31569	6.94050	-0.00448	-0.00890	-0.01535
-11.33486	-6.98876	0.03609	0.00559	-0.00898	0.01495
-12.77938	-5.71710	-0.02588	-0.00691	0.01546	-0.00570
-2.85009	8.99939	5.51994	0.00949	0.01140	-0.01369
6.62761	5.59159	8.16820	-0.01283	0.01448	0.00050
0.21041	-10.06556	2.11655	0.01118	0.00383	0.01711
7.82003	-7.59543	8.06879	-0.00150	-0.01387	-0.01161
-9.04908	-2.95488	-8.35807	0.00100	-0.01799	0.00527
-3.38171	-10.25971	-2.33950	0.00624	0.00227	-0.01895
11.55491	6.09628	3.70462	0.00384	0.00331	-0.01742
8.82216	-4.54737	0.90762	0.00157	0.00701	0.01987
-8.44541	-4.02520	7.41977	0.01308	-0.00130	0.01418
-7.74865	-4.36878	-3.41927	-0.00494	-0.00680	0.01989
-9.31122	0.34845	-4.89293	0.00013	0.02053	0.00121
4.66406	-6.22110	6.58456	0.01625	0.01312	0.00089
-0.20231	2.08175	10.85935	-0.01071	0.01664	-0.00339
-7.33445	2.72693	6.20347	0.00045	-0.01912	0.00893
11.42159	-3.78573	1.12849	-0.00385	-0.00634	0.01773
-12.84603	3.67106	-3.74985	-0.00614	-0.01598	0.00539
10.79389	-3.39319	2.78052	0.00685	0.01759	-0.00514
8.52187	5.44479	-5.40856	0.00808	0.00462	0.01738
-0.04142	-8.19486	9.80704	0.01863	0.00114	0.00103
12.33041	-3.78954	0.50999	-0.00550	-0.01771	0.00148
-2.14479	4.84715	-7.40075	-0.01130	-0.01721	-0.00800
-12.26288	0.95252	-0.02537	0.00042	0.00585	0.01812
8.93254	-3.65380	2.84881	-0.00288	-0.01672	-0.01242
-9.25070	-3.70995	7.82340	-0.01255	0.00924	-0.01046
2.04568	-1.69905	8.75771	-0.01402	0.01576	0.00633
1.39009	-11.37363	-6.75146	0.01519	0.00654	-0.00789
-9.33270	-3.61883	8.62527	0.00701	-0.01699	0.00046
-5.36623	-5.87158	-4.09915	-0.00830	0.01638	-0.01260
-7.88937	8.92128	3.89556	-0.01465	-0.01057	-0.00546
-0.80087	-8.41279	9.05091	-0.01757	0.00598	0.00401
-10.60920	-6.60439	-2.72204	0.00548	-0.01359	0.01160
-4.07565	1.35501	9.04881	-0.00609	0.01937	-0.00565
0.41167	-11.87563	2.11417	-0.01430	-0.00273	-0.01256
-4.95629	-7.37224	2.80961	0.01392	-0.01329	-0.01032
4.96818	9.78167	-7.93737	-0.00811	0.01253	0.01036
-8.58616	9.13284	-0.10944	-0.01233	-0.01149	0.00850
6.09298	4.81209	7.61202	0.01671	-0.00741	-0.00869
-3.89423	3.34945	8.07771	0.01889	-0.00238	0.01009
-8.64925	9.26601	-1.44149	-0.00424	-0.00113	0.01819
9.72281	1.49094	7.01566	-0.00785	0.01585	0.00752
2.18429	-1.97202	-9.08208	0.02017	0.00689	0.00336
-7.46884	-8.29018	-5.30170	-0.00188	0.01136	-0.01512
2.11980	1.07836	8.98775	-0.00605	-0.02064	0.00390
3.32218	0.74852	-13.00171	0.00715	-0.01675	0.00086
3.34816	-7.02255	-5.61026	0.00421	-0.01191	0.01743
-4.11050	-2.88540	-9.96515	0.01369	-0.01449	-0.00145
-8.30645	0.97061	-7.37791	0.01124	0.01232	-0.01103
-8.62648	-7.21889	6.73468	-0.00435	0.01474	0.01022
6.50262	-11.32951	-5.03769	-0.00857	0.00200	-0.01555
0.10021	-9.42909	7.02812	-0.00658	0.01091	0.01473
-1.17832	-3.56272	10.42887	0.00827	-0.01755	-0.00506
-0.94191	9.03052	3.68105	0.00223	-0.00780	0.01970
-10.84620	5.23840	-0.45996	0.00825	0.01663	-0.00507
8.51308	6.77171	1.63956	0.00627	-0.00332	-0.01884
3.05203	4.09545	-11.62364	0.00610	-0.01717	-0.00445
-3.60741	1.60834	-8.07060	0.01979	0.00682	-0.00748
8.58196	2.79842	-5.73503	-0.00654	-0.01162	-0.01545
1.19573	-7.43413	-9.51474	0.00157	-0.01497	0.01189
3.45880	-10.97049	7.20421	0.01263	0.00970	0.00870
-3.14359	-5.67973	8.35426	0.01785	0.00387	0.00935
0.19800	-9.22884	9.85333	0.01784	-0.00242	-0.00263
-3.37390	-2.46042	12.18674	-0.00906	0.01625	0.00077
5.95041	4.74213	9.57032	-0.01646	0.00688	0.00683
6.25540	8.02855	-8.15021	0.01621	-0.00539	0.00713
-4.60772	7.35298	10.45326	-0.01690	-0.00552	-0.00357
4.43033	-2.91585	10.05555	-0.01245	-0.01537	0.00103
5.78048	-6.52226	-5.21315	0.01694	0.01149	0.00440
-6.78695	-3.21591	5.54345	0.01259	-0.01691	0.00561
1.43047	-10.25961	4.12393	-0.01917	-0.00039	0.00567
-2.90985	2.39829	-12.76884	-0.01776	-0.00277	0.00353
-8.98709	1.30165	-0.84311	-0.00151	-0.01834	-0.01218
1.77099	-2.98959	-12.00278	0.00601	-0.01716	0.00516
-2.70257	8.24293	-3.36243	-0.01862	-0.00899	-0.00707
-0.13455	7.24278	7.50474	-0.01589	0.00936	-0.00931
9.50141	0.49503	10.05510	-0.00284	0.01765	0.00182
7.70311	9.43348	1.56104	-0.00019	0.00326	-0.01878
-2.95758	-9.97060	-6.16536	0.01522	-0.00909	0.00740
-11.60796	4.52628	2.27745	-0.00114	-0.01067	0.01541
-6.87395	1.96513	-7.51102	0.00382	-0.01857	-0.00836
-3.73565	7.43141	-7.23315	-0.01569	0.00379	0.01199
-1.78335	1.94946	11.99957	0.01631	0.00983	0.00083
7.56213	10.76914	1.43874	-0.00228	-0.00083	0.01821
7.10206	2.57567	7.43440	-0.00979	-0.01194	0.01349
0.12037	3.02884	-8.77933	-0.01746	-0.01238	-0.00451
-4.02711	-9.54628	-6.48623	0.00194	0.01012	-0.01609
3.23818	12.43558	-3.74376	0.00889	-0.00668	-0.01450
-2.12464	13.46272	1.83604	0.01549	0.00360	-0.00850
-7.35574	6.09879	-5.48172	-0.00303	-0.01519	-0.01283
-11.70151	-5.83778	2.18755	-0.00662	0.00751	-0.01539
-5.78598	-2.95348	-11.33115	-0.00499	-0.01644	0.00684
-1.33884	6.74836	11.72248	-0.00044	0.01569	-0.00908
-0.43292	12.10528	-0.26167	0.01654	0.00038	-0.00973
-7.93858	-6.08578	9.50893	0.01281	0.00261	0.01237
5.20364	-5.93328	-3.71085	-0.01750	-0.00798	-0.01178
-0.27578	7.38782	10.99245	0.00952	0.01314	-0.00859
-0.94614	-4.64239	7.25870	0.02231	0.00102	0.00356
-12.87288	4.09401	0.59684	-0.00066	0.00057	-0.01816
-0.56368	12.78670	-0.65650	-0.01120	-0.00126	-0.01488
5.77540	-2.87119	9.90756	0.01680	0.00511	-0.00831
5.94091	5.75245	8.20166	-0.01683	0.00579	0.00813
-10.69847	4.22313	6.36845	-0.00821	0.00351	-0.01612
-9.26240	-6.41817	-1.43581	-0.00973	0.01107	0.01324
-6.64527	-5.51771	-9.12342	-0.01305	0.01354	0.00131
8.55260	-2.89979	-10.39375	0.01387	-0.00029	0.01149
0.12699	-3.81121	8.38361	0.02176	-0.00254	-0.00148
6.67505	3.15916	-4.74326	-0.00127	0.01947	0.01118
11.66524	0.60662	-5.32565	0.00567	0.01130	0.01371
9.51280	4.42245	6.25753	-0.00534	-0.01015	0.01529
-3.24840	-7.54559	4.74889	-0.01818	0.00045	-0.01173
3.26805	-0.45684	8.41950	-0.00069	-0.02213	-0.00093
10.95281	-6.71719	1.81690	-0.00985	-0.01426	0.00662
-0.91940	1.56742	-9.49041	-0.00336	0.02085	0.00377
-10.04868	2.51170	-6.00450	-0.00385	0.01427	0.01242
9.85358	-3.14160	1.28188	0.00526	0.01901	0.00618
-7.66979	-0.15343	-6.26903	-0.00940	0.01539	0.01112
-11.51429	-6.42297	-0.98491	0.00753	-0.01473	0.00801
5.36892	-3.01260	-9.64633	-0.00107	0.01864	-0.00641
-4.72423	-11.52497	-0.94139	0.01701	-0.00657	-0.00498
-3.62666	1.16556	9.76340	-0.00130	0.02036	-0.00292
-0.88175	-6.29365	8.61185	0.02011	0.00143	0.00310
-4.68030	5.76316	9.48505	-0.01636	0.00277	-0.00976
6.91583	-2.42587	-5.30117	0.00617	0.02121	-0.00166
-9.84879	-3.84138	-3.97278	-0.00643	-0.00274	0.01860
-7.65726	-0.19488	-11.46495	0.01022	0.01304	-0.00705
2.09250	-13.42233	2.78130	0.01486	0.00421	0.00916
-1.87362	-7.25561	-5.56944	0.01369	-0.01242	0.01158
-3.11311	-9.62012	0.32030	0.01937	-0.00643	-0.00483
-6.91663	-12.17460	-0.64668	-0.01506	0.00876	-0.00390
-5.73956	4.33456	11.38224	0.01587	0.00726	0.00524
5.93725	-3.03819	8.98573	0.00478	-0.01718	-0.00897
1.20591	3.02863	-13.20983	0.01788	-0.00276	0.00100
10.11438	0.86262	-4.89286	0.00875	-0.00177	0.01777
-7.92909	7.21571	5.76568	0.01399	0.00616	0.01154
-1.09495	1.26905	-10.42433	-0.01348	0.01515	0.00326
9.42737	-6.91435	5.93978	0.00195	-0.01036	-0.01515
-5.27429	-7.26048	-6.92884	-0.00937	-0.00802	0.01553
9.12374	-4.06587	-6.18726	-0.01035	0.00176	-0.01642
-9.84953	3.33428	-0.97465	0.00302	0.00300	-0.02020
9.72941	-7.57290	-0.83009	-0.01099	-0.01324	-0.00807
-2.52935	-11.27652	4.06594	-0.00088	-0.00629	-0.01800
-9.83881	1.39369	-3.84677	-0.00329	-0.02015	0.00111
9.07800	5.41930	5.63336	0.00899	-0.01698	0.00184
8.98618	-5.50079	8.39594	0.00293	-0.01344	-0.01194
1.92025	8.84281	5.57251	-0.01002	-0.00791	0.01600
7.60384	1.45991	-9.16254	-0.00453	0.01873	-0.00078
-7.50576	5.66432	-3.71689	0.01383	0.01073	-0.01156
0.59481	-9.18866	8.98189	-0.00036	-0.01303	-0.01331
-10.13682	-5.93566	-0.57834	-0.00975	0.01619	0.00472
10.15477	-6.48925	6.31777	-0.00598	0.00617	0.01595
-0.89145	3.60646	-11.86063	-0.01395	-0.01253	-0.00276
6.74484	7.81982	-9.05500	-0.01404	-0.00096	-0.01129
-1.30950	-3.77779	10.07214	0.01728	-0.01048	-0.00168
-9.27952	8.77660	-4.59854	-0.01264	-0.01300	0.00069
-5.98589	-5.05703	6.00643	0.00656	0.01174	0.01642
1.06747	-7.68185	9.86978	0.01817	0.00473	0.00172
-6.98806	1.63482	-9.22688	-0.01298	0.00907	0.01144
1.96805	-1.93264	-12.56220	-0.00053	-0.01842	0.00275
-9.68329	-1.77643	-0.08935	0.00287	-0.01492	-0.01487
3.65971	-1.48471	12.62672	-0.00847	0.01573	0.00430
1.34563	-8.76935	-4.19279	-0.01174	0.00616	-0.01666
-9.23488	4.95190	-5.00045	0.00405	-0.00936	-0.01674
-12.10891	1.01940	4.62907	0.00187	0.01842	0.00084
-6.86715	6.65908	-6.39319	-0.01395	-0.00109	0.01385
-4.74107	6.54417	-3.75008	-0.01122	0.00281	0.01909
-0.03589	10.72754	7.87215	-0.01457	-0.00661	0.00894
-6.66818	-7.01790	4.80869	0.00048	0.01116	0.01695
-0.46745	11.10969	-1.01446	0.01754	0.00160	0.00943
-10.10275	-2.68738	-0.29321	0.00533	-0.01986	-0.00168
5.55407	-2.25247	12.57311	0.01212	0.01283	-0.00306
-2.10941	6.95384	11.71424	-0.00995	-0.01362	0.00630
9.08549	5.80356	3.21659	-0.01127	0.01621	0.00258
-2.19631	8.66207	-10.36920	0.01388	0.01016	0.00554
4.73611	1.48581	-12.70816	-0.00585	0.01713	-0.00018
-5.91092	6.56812	2.34471	-0.01499	-0.00860	-0.01368
-2.38895	-3.35188	12.36562	0.01790	-0.00409	0.00235
-5.09163	-8.23064	5.51810	0.01709	-0.01039	0.00027
6.04357	6.63109	1.40177	0.00396	-0.00789	0.02027
7.02694	-11.12411	0.70611	-0.00837	-0.00625	-0.01516
-11.63663	1.89256	-2.00347	0.00438	0.01012	-0.01586
5.49900	6.20152	6.39563	-0.01367	0.01516	-0.00295
-2.99708	4.94296	-8.23913	0.00859	-0.01492	-0.01207
-1.70706	-0.96459	10.57781	0.01954	-0.00500	0.00270
2.71288	9.35165	7.69667	0.00374	0.01115	-0.01487
-4.99653	7.73316	3.12098	-0.00813	-0.01169	0.01596
7.53763	5.44330	-2.68658	-0.00935	0.00360	-0.01895
-5.57495	9.56721	-3.32425	-0.00575	-0.00906	-0.01645
-7.58044	-8.91530	6.53790	-0.00979	0.01362	0.00721
-8.61868	6.24076	3.50928	-0.00778	-0.00042	-0.01836
-5.76061	7.24068	8.70473	0.01193	-0.00621	0.01306
0.97757	-10.09330	7.30516	-0.01831	-0.00377	-0.00276
0.23331	-2.82742	11.59519	0.01140	0.01522	0.00348
7.81322	-7.60444	-0.34673	-0.00197	-0.00111	-0.02008
-11.75635	1.32233	1.30372	0.00097	0.01723	-0.00878
4.19853	-8.14648	10.26098	0.01107	0.01299	0.00579
-1.16768	5.89264	-10.64350	0.00087	0.01674	0.00917
-7.23257	-9.17304	-3.19610	0.01149	-0.01228	0.00926
-10.24782	-6.63618	-5.21742	-0.01003	0.00378	0.01489
2.53702	4.17094	8.02813	-0.00376	-0.01850	0.01080
-3.28319	11.30375	-5.20048	-0.00978	0.00419	0.01529
-2.43450	10.79289	-4.46800	0.00147	-0.00709	-0.01793
10.10752	2.08762	5.16519	-0.00842	-0.00267	0.01756
-8.64454	0.32816	0.52769	-0.00038	-0.02147	0.00712
1.04063	-5.82578	-9.15268	-0.00912	-0.01567	0.00894
-5.35114	8.17617	3.45144	0.01600	0.01238	-0.00452
-8.28376	-5.04068	-9.12969	-0.01372	0.00059	0.01212
-1.11735	3.15572	11.37228	-0.01066	0.01532	-0.00530
2.73490	-9.16976	-2.39890	0.00730	-0.00298	0.01971
-12.72389	-0.67640	-2.00146	-0.00048	0.01834	-0.00314
-9.65394	7.28558	-6.50847	-0.00884	0.00220	0.01557
-7.59637	-1.67742	4.61632	0.00570	-0.02135	0.00163
-6.20436	-0.80193	-6.81630	-0.00201	0.02181	-0.00074
2.95981	-9.02356	-0.48310	-0.00758	-0.00355	0.01993
-4.65705	8.30928	4.95147	0.01794	0.00962	0.00072
4.65172	-3.92211	-6.75319	0.01889	0.00757	0.00862
9.80218	4.16082	-7.48522	0.00771	-0.01683	0.00074
-3.46760	6.33425	7.82705	-0.01804	0.00181	-0.00946
-0.83261	-12.69067	-2.51259	0.00790	0.00276	-0.01657
-1.06852	-4.34596	-9.74801	0.01584	-0.01226	0.00373
7.29431	2.71406	-4.74976	0.01313	-0.00621	0.01661
-5.65815	-6.96269	8.63952	-0.00468	0.01566	0.00956
-9.60512	7.45168	-0.88394	0.00316	0.00184	-0.01878
-2.83300	-8.84454	-3.95980	0.02015	-0.00532	-0.00253
-11.52495	1.10546	-5.42753	0.00659	0.01337	-0.01127
-3.24013	-4.24987	7.09444	-0.01726	0.01418	0.00061
-6.89346	-2.75210	6.34878	0.01125	-0.01753	0.00461
-6.31954	5.74634	7.98648	-0.01575	-0.01044	-0.00495
-9.35324	1.72864	10.20098	0.00983	-0.01038	0.01077
11.63893	4.49897	2.04438	0.00598	-0.00832	-0.01575
9.20217	-5.04696	3.63771	0.00959	0.00541	-0.01674
5.05511	13.11161	0.05721	0.01548	-0.00600	0.00652
13.06423	0.03492	-2.48906	-0.00115	-0.01717	-0.00630
9.79638	1.37449	5.12153	-0.00910	0.01004	0.01471
-3.59421	-10.12451	-3.33304	0.01487	-0.00859	0.01007
-3.98114	-1.71325	-7.51756	-0.01399	-0.01422	0.01065
0.89985	-8.71764	0.18463	0.02221	0.00223	-0.00283
-1.09101	7.85239	7.80630	0.01882	0.00594	-0.00335
10.99031	-3.14279	-1.76325	-0.00346	-0.01713	0.00896
1.51904	-1.94612	-10.26452	0.01556	-0.01256	0.00468
5.52401	8.81328	-1.90511	-0.01624	0.00810	-0.00959
10.81448	3.67921	8.15991	-0.01075	0.01066	0.00944
-3.50241	-7.38045	7.82730	0.01640	0.00350	0.01063
-1.72221	10.24737	1.71498	0.01628	0.00469	-0.01165
-1.58416	5.54037	8.82883	-0.01534	-0.01265	0.00519
-12.45042	2.17278	-5.39380	-0.00763	-0.00581	0.01527
-4.10859	1.89442	-12.42563	-0.01702	0.00326	0.00612
-0.25707	5.99858	7.21377	0.00203	0.01669	-0.01381
-6.33653	5.60045	3.15564	0.01530	0.01043	0.01220
-6.21885	-0.27902	12.26024	-0.01416	0.00871	-0.00698
-2.74155	12.22514	0.69900	0.01679	0.00331	0.00793
3.74528	-0.93559	8.82937	0.01316	0.01654	-0.00383
0.27726	11.40043	-1.02465	-0.00692	0.00182	0.01839
11.23827	3.45233	5.40580	0.00809	-0.00015	-0.01672
3.35801	-4.58144	8.38514	-0.00809	0.01542	0.01167
6.66186	-5.01971	3.36987	0.00174	-0.01071	-0.01939
-2.47830	0.96264	-10.25716	0.01269	-0.01546	-0.00452
5.57519	1.85200	12.34441	-0.00527	-0.01659	0.00487
2.86328	9.43740	-0.28915	-0.02025	0.00608	-0.00196
-12.79116	-3.45532	-1.87261	-0.00368	0.00418	0.01741
1.50201	8.33756	-4.89136	-0.01627	-0.00467	-0.01296
-2.31439	0.94075	-10.16606	0.01942	0.00576	-0.00389
-2.73527	13.20309	-0.23680	0.01781	0.00367	-0.00090
2.63200	10.56990	3.50484	0.01615	-0.00026	-0.01135
5.79795	-0.34952	-12.05122	0.00430	0.01769	0.00156
6.65759	6.92083	7.56743	-0.01425	0.01269	0.00093
8.31693	-3.26297	-0.07161	-0.00812	-0.02066	-0.00204
-9.91381	5.53443	-8.19314	0.00715	0.01621	0.00230
-8.26410	-0.44996	11.32103	0.00998	0.01259	0.00779
-5.72946	2.61249	-10.52565	-0.00279	0.01791	0.00596
-3.07046	-1.48610	12.50156	-0.00584	-0.01727	-0.00349
8.62122	8.17230	5.81240	0.00709	-0.01414	0.00936
0.17951	-6.33094	-9.45724	0.01950	0.00297	-0.00162
10.14139	0.93210	1.62490	-0.00061	0.01943	-0.00733
2.48871	-1.93426	10.11086	0.01782	-0.00822	-0.00596
-10.20616	-7.64081	-3.90949	-0.01040	0.01493	-0.00203
-8.77936	-5.31083	-5.06074	0.01123	-0.01602	-0.00266
2.56759	-7.28321	-6.03522	0.01829	-0.00238	0.01065
-2.36587	-12.98128	0.85050	0.00437	-0.00196	-0.01775
-1.27987	7.44466	-5.33305	0.01829	-0.00480	-0.01109
-12.09409	4.02003	-0.74268	-0.00252	-0.01042	-0.01532
-9.54052	-2.84388	-4.80142	0.00022	0.01709	-0.01055
3.08669	6.09700	5.83487	0.01097	0.01018	-0.01644
10.30938	2.26299	8.58960	0.00560	-0.01709	-0.00222
9.05839	0.55797	2.67981	0.00446	0.01188	-0.01756
5.90641	-6.34596	-9.69184	0.00908	-0.01042	0.01235
0.66128	-9.01187	-6.14927	0.00703	-0.01031	0.01587
7.46161	8.63654	6.32239	-0.00507	0.01315	-0.01198
-5.80245	10.82378	0.15476	0.01594	0.00846	0.00614
-1.59192	4.13114	11.42643	-0.00395	0.01738	-0.00683
-6.72179	-0.46612	11.93123	-0.00948	0.01461	-0.00477
7.17563	4.72759	-1.66698	-0.01161	0.01893	0.00371
-4.23215	-11.47789	-6.26612	-0.00603	-0.00637	0.01575
9.81902	1.63989	8.16636	0.00804	-0.01546	-0.00656
-5.14304	3.14622	-6.96442	-0.01180	0.01198	0.01412
-2.56784	8.47397	-0.04279	-0.02127	-0.00646	-0.00269
-10.92807	7.01087	5.28611	0.00290	-0.00751	0.01594
5.04022	8.84048	2.81832	-0.01526	0.01123	-0.00792
7.68257	0.87263	3.93573	-0.00725	-0.01298	0.01703
-10.23393	-5.58195	-0.55200	0.00632	-0.01290	0.01326
1.57554	-0.55831	-11.38322	-0.01357	-0.01422	-0.00118
-8.45318	7.42717	1.55026	-0.01322	-0.01423	-0.00391
6.03087	5.06386	3.89397	-0.00333	-0.01092	0.01936
9.48297	-5.70932	-8.24392	-0.00588	-0.01638	0.00458
4.53545	4.18002	-10.61568	-0.01771	0.00217	-0.00671
-1.23784	12.71119	-3.30571	0.01826	0.00203	0.00097
8.73753	2.28971	-3.01806	-0.00858	0.01298	-0.01499
-11.92560	3.22221	0.21126	-0.00029	0.00018	-0.01900
5.38830	8.82853	-9.40006	0.00902	0.00833	0.01300
-10.67932	-1.84076	-4.40006	-0.00330	0.01925	-0.00004
-7.81847	-1.44964	6.98180	0.01010	-0.01597	0.00799
4.28893	-7.41093	-7.85966	-0.00362	-0.01495	0.01212
2.36825	6.54689	9.00365	0.01803	-0.00809	0.00114
7.18431	2.59574	5.40138	0.00017	-0.01973	0.00926
-4.26575	-9.42269	1.32014	0.01154	-0.00286	0.01690
3.64941	9.06470	-1.61907	0.01693	-0.00470	0.01185
-8.36744	-1.58569	-2.24218	-0.00107	-0.01624	0.01546
-1.10181	-6.42092	5.86702	0.01283	-0.01362	-0.01249
6.05930	-5.94271	-4.07158	0.01633	0.00900	0.01116
1.42441	-1.58471	-12.23211	0.01236	-0.01400	0.00325
-6.03043	-0.14071	6.26954	-0.00639	0.02090	-0.00568
-6.37846	0.94985	-9.16882	0.01174	-0.01301	-0.00952
8.84462	2.06423	4.89961	-0.00943	0.01513	0.01065
-4.41391	-4.71464	-9.59942	-0.01085	0.01610	-0.00292
1.13333	8.20947	-2.55067	-0.01975	-0.00069	-0.01100
-4.30591	-1.61266	7.41729	0.01375	-0.01736	0.00421
-8.24955	-6.48317	0.53933	-0.00890	0.01247	0.01376
9.52589	-3.05657	-2.43757	0.00323	-0.00567	0.01974
0.13447	-12.73541	1.37116	0.01715	-0.00061	-0.00735
5.85223	-2.45759	-10.96541	-0.01182	-0.01425	-0.00312
-0.61439	-11.04337	-5.88221	0.00568	-0.00871	0.01576
-1.13519	-10.56354	-0.02019	-0.01570	0.00166	0.01304
-0.99143	1.99617	-9.51233	0.02102	0.00335	-0.00149
-8.32216	7.10901	8.35403	0.00031	-0.01357	0.01185
-3.67190	6.38303	6.23583	-0.00786	-0.01609	0.01184
5.10144	-0.02453	-10.73821	-0.00182	0.01927	-0.00091
-10.73942	4.09260	-0.22921	-0.00153	-0.00507	-0.01897
-7.95795	-9.52786	2.39128	-0.01037	0.00492	-0.01488
9.73412	-0.97646	5.62084	0.00931	0.01008	-0.01438
5.98194	-7.17086	6.58639	-0.01682	-0.00710	0.00755
10.35824	-4.24678	4.96794	-0.00944	-0.00427	0.01603
1.11413	-3.54611	13.07843	-0.00028	0.01749	0.00477
9.15292	7.13484	-4.33706	0.00894	-0.01543	-0.00651
-4.25336	-7.41740	5.08434	0.01438	-0.01349	-0.00764
-11.91275	-7.15158	1.21631	-0.00908	0.01536	0.00138
7.53193	-2.39559	7.27070	-0.01431	-0.00766	0.01230
-7.07001	4.55758	8.05175	-0.01245	0.00551	-0.01406
-2.17291	-5.94950	-10.89401	0.01766	0.00357	-0.00547
5.08614	6.25446	-10.57097	-0.01319	0.01268	0.00116
-7.10192	1.17810	-6.77791	0.00697	-0.01718	-0.01029
-8.35853	-10.62480	-0.58666	-0.00424	0.00428	-0.01714
3.94905	3.00053	7.90716	-0.00841	-0.01706	0.01068
-2.87635	-4.11672	7.79328	0.02078	-0.00208	0.00657
1.00550	8.53581	6.87626	-0.01797	0.00687	-0.00590
9.96329	-7.36303	4.12390	0.00467	0.01313	0.01216
4.03782	6.51405	4.85072	-0.01491	-0.00276	0.01611
3.97310	7.92243	-9.63491	-0.01760	0.00355	-0.00434
-5.62821	10.32855	-1.10023	0.01137	0.00766	0.01377
7.01588	5.66018	1.89168	-0.00634	0.00083	0.02101
13.11790	1.35994	-3.37632	0.00198	-0.01800	0.00045
-3.03507	-8.29857	-7.50408	-0.01872	0.00182	0.00556
-0.80757	-5.35546	8.95271	0.01130	-0.01524	-0.00810
0.64571	0.39962	-12.79326	-0.01860	-0.00126	-0.00098
-11.19184	-5.07007	3.88926	-0.00902	0.01015	-0.01273
6.86666	-7.95407	-0.56816	0.01022	0.00988	-0.01487
3.25889	2.82846	12.89703	0.01095	-0.01444	0.00040
3.16345	-1.61797	-11.36860	0.01847	-0.00201	0.00543
-7.17653	6.97461	-1.55278	0.00583	0.00990	0.01754
9.29009	8.89831	3.48314	-0.01312	0.01213	0.00401
-3.09958	-5.79822	-7.38737	-0.01060	0.01635	-0.00838
-2.88248	-4.12006	-7.06709	0.02121	-0.00584	-0.00524
-7.17748	-5.54309	-10.47305	0.00108	-0.01614	0.00780
4.05819	10.22976	1.05350	-0.01866	0.00742	-0.00019
-8.98887	9.41939	3.97420	-0.00184	-0.00847	0.01591
-1.63437	-13.61154	-2.99394	0.00327	-0.00414	0.01705
8.12063	-3.62090	-6.07676	0.01335	0.00859	0.01272
-8.77158	-0.65664	-4.95813	0.00705	-0.01693	-0.01023
3.67145	11.02718	0.33742	0.01079	-0.00408	0.01583
-10.70315	1.70878	4.55048	-0.00804	-0.00507	-0.01700
-4.18652	10.89663	5.64209	-0.01391	0.00100	-0.01225
6.58741	6.23012	-6.44300	0.01514	-0.00278	0.01279
9.85813	8.13832	1.14122	0.00684	-0.00601	-0.01628
1.50339	2.44795	-10.29483	-0.01981	0.00458	-0.00181
-5.39137	5.93971	-4.12888	0.01728	0.00756	-0.01168
6.71156	9.93506	-6.06714	0.01491	-0.01048	-0.00068
-3.08329	3.75470	10.89018	-0.00821	-0.01714	0.00359
1.86047	-9.29082	4.88201	0.00175	0.00975	0.01788
-10.45631	-3.14942	-6.99239	-0.00718	-0.00879	0.01469
9.39560	3.87826	-3.56454	0.00103	0.01233	0.01614
-11.42023	0.77264	6.75143	0.00209	0.01816	0.00145
-9.10742	-2.74659	-2.43738	0.00788	-0.01265	-0.01519
-4.15022	-0.98687	9.40100	0.01809	-0.00719	0.00723
5.10580	-5.96971	8.10413	-0.00449	0.01413	0.01324
-4.69376	-11.08615	3.87678	-0.01743	0.00685	-0.00151
1.50965	2.42395	-11.38401	-0.01518	-0.01140	-0.00444
3.39110	2.95404	11.76449	-0.01287	-0.01199	0.00672
-4.11747	7.96709	-4.85091	-0.01633	-0.00052	0.01302
8.86155	-2.88257	-0.92337	-0.00396	-0.00553	-0.02069
-8.11434	-7.29627	-3.13758	-0.00367	-0.00410	0.01904
5.29516	6.22352	10.16723	-0.00364	0.01626	-0.00806
-11.28584	3.24257	-4.43908	-0.00158	0.01303	0.01354
-1.65994	4.31346	9.19446	-0.01192	0.01450	-0.00895
2.43506	-10.52782	-1.94202	0.01950	0.00393	0.00317
-11.74297	5.75599	-0.06575	-0.00698	-0.01412	0.00967
-4.80353	4.22868	-11.14389	-0.01175	-0.01447	-0.00043
-0.91184	-2.52691	-9.63632	-0.02028	0.00578	0.00040
-2.77969	10.09043	6.29800	0.01158	-0.00563	0.01413
-3.17808	-2.81938	9.88765	0.01339	-0.01532	-0.00006
-6.35366	-8.76792	-7.26713	-0.00104	-0.01134	0.01459
-4.77973	-6.32359	-4.71574	0.01795	-0.01254	-0.00138
-5.05600	-8.45459	-6.02265	-0.01754	0.00561	0.00685
0.13425	-5.72267	-9.41390	-0.01918	0.00506	-0.00335
-0.16177	-12.89203	1.99149	-0.01459	0.00192	0.01122
3.82115	0.56248	12.76009	0.00857	0.01585	-0.00326
3.38710	4.34738	9.63354	0.01643	-0.01146	-0.00060
10.52490	-7.68650	3.15145	-0.00873	-0.01464	-0.00654
4.38845	11.30880	6.26922	0.01632	-0.00752	0.00214
0.94747	-7.64231	-6.37849	-0.01475	-0.01070	0.01063
-4.96270	5.21344	6.91171	-0.00459	-0.01790	0.01021
1.11901	4.47312	10.95368	-0.01649	-0.00872	0.00525
7.31363	-1.48274	11.16476	-0.01407	-0.00829	0.00812
-8.61520	6.39991	4.34824	0.01253	0.00829	0.01262
0.96485	2.28499	9.67254	0.01648	-0.01311	0.00145
-4.26676	-11.56915	-5.10307	0.00686	-0.00890	0.01444
10.24793	-8.42494	1.25609	-0.01053	-0.01135	0.00978
6.87394	1.80767	9.01118	-0.01198	-0.01082	0.01131
10.63746	2.87543	5.35020	0.00934	-0.01044	-0.01297
-3.49792	9.78053	2.27256	0.01809	0.00777	-0.00559
-2.41645	11.30350	1.84860	-0.00709	-0.00440	0.01765
-2.70966	10.91617	4.51301	-0.00301	-0.00787	0.01724
-9.95802	3.74844	-6.16024	-0.00515	-0.01814	-0.00271
-3.94817	-6.18174	7.66204	-0.01880	0.00231	-0.00782
-12.94247	-4.35154	-3.31356	-0.00069	0.01206	-0.01312
-10.94213	-3.98856	7.16246	0.00004	-0.01582	-0.00875
5.02683	-6.87724	7.13716	0.00685	0.01573	0.01033
4.28105	-9.55122	-5.33451	0.00671	-0.00654	0.01709
-4.76338	4.49834	6.91957	-0.01209	0.01001	-0.01483
-0.51545	-12.39773	1.34530	0.01456	-0.00190	-0.01192
1.82329	-9.80998	-1.21184	0.00914	-0.00064	0.01894
9.46400	-2.68734	-6.99850	-0.01185	-0.00758	-0.01311
3.43548	-10.75306	4.72156	-0.00471	0.00616	0.01745
-1.86706	9.91261	-1.95266	0.01996	0.00451	0.00383
-0.34081	7.17107	7.43505	-0.00401	-0.01475	0.01404
-9.96683	4.36531	0.99731	0.00512	0.01465	-0.01292
-4.70633	-8.50154	6.35242	0.00381	0.01011	0.01635
-0.49174	-8.72629	-0.74438	-0.01254	0.00229	-0.01853
0.08269	10.46306	4.44686	0.00393	0.00757	-0.01787
8.22999	6.39173	-7.92581	-0.00830	0.01595	0.00424
6.78565	-4.22514	10.21593	0.01489	0.00928	-0.00605
-13.22222	-1.14282	4.34555	-0.00349	0.01638	-0.00630
7.10373	-7.27902	-4.06627	0.01526	0.01025	0.00830
-2.87362	-2.02407	-13.27843	-0.01483	-0.00918	0.00461
7.38851	5.29482	-10.41051	-0.01520	0.00430	-0.00860
7.06625	-6.36979	5.89124	-0.01344	-0.00131	0.01470
-3.37958	5.25275	-10.75276	0.01430	-0.00879	-0.00879
-12.24167	-1.52960	-0.26714	0.00219	-0.01566	-0.01057
7.80238	-11.01490	-2.26638	0.01401	0.01073	-0.00388
-0.84791	2.50862	-8.82246	-0.02179	-0.00231	0.00144
4.71354	-10.50593	-0.60432	-0.01579	-0.00652	-0.00975
7.29415	7.29810	7.40238	0.00054	0.01308	-0.01343
-2.87413	5.43696	-12.57314	-0.01165	0.01126	0.00753
-7.71445	6.70018	2.63888	0.00315	0.01048	-0.01739
-8.14067	-2.05749	-4.20027	0.01010	-0.00065	-0.01926
-2.73177	8.00832	6.62055	0.01584	-0.00450	0.01198
-1.86209	-11.17898	-2.76291	0.01637	-0.00506	0.00943
10.29271	3.44082	-2.72231	-0.00424	-0.00262	-0.01933
-7.89113	3.75527	-0.19271	-0.00717	-0.01580	-0.01437
9.07021	-1.32141	-6.31340	0.01041	0.01165	0.01251
11.41824	-3.78965	1.16576	-0.00628	-0.01775	0.00385
-9.69199	1.12860	5.19440	0.00459	0.01904	0.00442
3.00496	10.73478	0.04581	-0.01742	0.00491	-0.00849
5.56169	7.29261	1.95364	-0.00438	-0.00234	0.02120
-4.16419	-11.62587	-3.17269	0.00254	-0.00572	0.01764
8.81514	5.78525	9.12407	0.00641	-0.01621	0.00408
1.01929	13.44921	1.27808	0.01535	-0.00024	-0.00970
-2.79161	5.72252	-6.52532	-0.01943	-0.01043	-0.00083
8.42333	-0.80764	-3.62256	-0.00766	-0.01455	-0.01457
3.89795	-7.46538	-4.02760	-0.01745	-0.01197	0.00530
1.15739	-1.93861	9.04478	-0.02138	0.00288	0.00335
3.09499	6.73052	-8.18990	0.01925	-0.00271	0.00505
2.84183	11.92947	0.41313	-0.00624	0.00086	0.01800
2.29435	-5.28789	-8.28333	-0.00439	-0.01784	0.01017
-6.09260	-7.83999	-0.56857	-0.00443	0.00195	0.02059
-3.62409	-8.91675	1.81010	-0.00715	-0.00116	-0.02004
-4.10365	-8.08642	1.57931	-0.00409	-0.00212	-0.02148
9.05065	7.49864	-1.87823	-0.01241	0.01334	-0.00655
-1.28116	10.36537	-7.09231	0.01460	0.00787	0.00887
5.05905	-10.05878	-1.19387	0.01663	0.00907	-0.00592
4.57530	-7.83401	4.15345	0.01463	0.01286	0.00814
3.70158	-6.04484	6.70875	-0.01414	0.00719	0.01428
3.15393	-10.73040	-2.01809	0.01829	0.00418	0.00635
-3.47303	-2.68850	-10.36034	0.00578	0.01788	-0.00658
-9.63574	7.51017	6.40771	0.01160	0.00354	0.01330
7.81356	2.31391	3.16891	-0.00603	0.02168	-0.00096
-11.33156	3.66380	-2.90218	0.00633	0.01787	-0.00214
-11.03115	-6.96007	0.00562	-0.00149	0.00237	0.01829
-9.37887	-3.38364	-3.39640	0.00293	0.00978	-0.01785
-4.28004	9.16625	5.65736	-0.01224	0.00350	-0.01493
-5.63218	2.57832	10.71894	-0.01546	0.00562	-0.00948
-7.39137	9.71677	4.78692	0.01509	0.01041	0.00217
-4.38216	-6.73167	5.21933	-0.00429	-0.01112	-0.01794
4.00014	-9.53301	1.55510	-0.01077	-0.00714	-0.01609
-7.96944	8.11420	-0.29449	0.00759	0.00805	0.01641
-3.13747	9.23518	0.24607	-0.01863	-0.00655	0.00811
-2.53055	4.11295	-8.26013	-0.01290	0.01356	0.01070
7.69539	-1.36245	3.82616	0.00832	0.01835	-0.01019
3.08027	-3.17588	7.66095	-0.02099	-0.00306	0.00717
0.41620	-1.15826	8.61659	0.02076	0.00886	0.00019
6.09606	-10.39069	3.83372	0.00998	-0.00002	-0.01592
-3.99095	2.64445	-9.00899	0.00211	-0.01967	-0.00671
-9.98733	2.59113	-1.03037	-0.00143	-0.01217	-0.01671
-2.02493	-6.82458	11.41260	0.01217	-0.01248	-0.00531
9.23468	-5.30236	-6.36777	-0.01263	-0.00789	-0.01175
3.51427	-3.44695	-12.94991	0.00191	0.01738	-0.00411
1.25729	-8.91497	3.96995	0.01377	-0.00493	-0.01543
6.62221	7.28365	-5.44437	-0.01412	0.00252	-0.01381
-12.44009	-3.36727	1.76433	0.00410	-0.01750	-0.00451
-6.67674	8.66392	2.47886	-0.01481	-0.00845	-0.01033
2.41433	-5.44594	-11.83294	-0.00892	-0.01520	0.00517
-5.29366	1.73046	11.41957	0.00242	-0.01818	0.00388
10.65490	3.22347	-2.75131	-0.00701	0.00991	-0.01554
0.01360	9.32811	-3.45264	0.01822	-0.00375	-0.01006
8.46474	-10.11829	2.69249	0.01325	0.01201	0.00347
4.50660	-9.54492	-7.17845	0.01707	0.00267	0.00717
10.04449	6.22306	-5.53102	0.00506	0.00654	0.01655
11.05124	2.35895	-0.63511	-0.00374	0.01379	-0.01378
-1.90941	5.73921	-7.89186	0.01596	-0.00911	-0.01048
-5.28091	12.42270	1.37896	0.00519	0.00027	0.01739
3.78465	10.84719	-5.26461	0.01761	-0.00342	0.00561
-9.82623	7.98640	0.26385	0.01175	0.01437	0.00281
3.22186	8.99715	1.73626	0.01683	-0.00805	0.01048
7.34222	-8.75948	6.40731	-0.01470	-0.00502	0.00998
5.67057	-7.89504	-5.22810	-0.01713	-0.00733	-0.00751
10.50354	4.11328	1.51787	0.00731	-0.01837	-0.00083
-10.33729	-4.57255	4.06321	-0.00940	0.01557	-0.00639
4.21811	-8.04348	-8.64055	-0.01536	-0.01069	0.00245
-7.12992	-8.14008	8.42529	0.00759	-0.01451	-0.00759
5.78729	-8.89515	-1.93647	0.00153	0.00525	-0.01957
9.14627	-0.09286	7.44986	-0.01203	-0.00413	0.01471
7.14559	-2.16307	-4.64031	0.00952	0.01958	0.00553
-2.89337	-1.32030	11.94413	0.00154	0.01878	0.00245
7.57090	-2.85882	5.53856	0.00107	-0.01827	-0.01089
2.17999	9.18502	-7.15871	-0.00775	0.01204	0.01309
0.36461	10.17247	7.03254	-0.00656	0.01030	-0.01455
3.47233	-11.72167	2.74855	-0.01740	-0.00610	-0.00402
8.20308	-3.00832	8.68266	-0.00282	-0.01845	-0.00373
1.88314	10.48489	4.57271	0.01443	0.00305	-0.01293
0.66126	-2.15095	-9.54307	-0.00950	-0.01873	0.00356
7.45741	-8.08649	5.50808	-0.00675	-0.01385	-0.01120
4.37638	4.11349	-9.63645	0.00860	0.01467	0.01017
-0.78836	6.31045	-11.84229	0.00731	0.01494	0.00747
-5.49157	4.64577	-10.53566	0.00108	-0.01688	-0.00800
12.52037	-4.43031	3.50016	0.00054	-0.01022	-0.01485
-3.09257	1.91315	-12.47490	0.01116	-0.01397	-0.00491
-5.85353	7.23831	-4.30342	-0.01233	-0.01475	-0.00804
8.19872	-2.62718	-9.24272	-0.00953	-0.01571	-0.00399
0.36149	-4.08365	-10.64372	-0.00028	-0.01846	0.00707
9.98800	-3.19699	-1.37768	0.00607	0.01955	-0.00136
-9.70626	-8.77891	3.06983	0.00402	0.00174	0.01770
-10.61050	-6.51411	-0.56640	-0.00928	0.01559	-0.00540
-10.67075	-6.31269	5.53660	-0.00889	0.00119	-0.01577
-1.01730	-5.54433	9.97537	0.00698	0.01581	0.00950
2.18295	-9.97948	-7.54458	0.01666	-0.00257	0.00822
-6.70178	5.06311	-5.57652	0.01473	0.01418	-0.00483
-6.99484	-1.08788	-6.27864	0.00803	0.01633	-0.01177
-8.66266	-1.51534	-0.16853	-0.00166	0.00712	0.02124
-6.66814	-7.30165	-5.61466	-0.00898	-0.00485	0.01697
1.44805	2.97627	-13.50097	0.01724	0.00409	0.00275
6.59435	5.96479	10.79361	-0.01299	-0.00552	0.01098
7.68240	-2.02246	-9.65447	-0.00445	-0.01836	0.00030
-7.96464	0.08245	3.75573	0.00045	0.02244	0.00045
6.55536	2.33031	6.89142	0.00070	0.01997	-0.00742
4.89939	-8.87619	-4.47504	-0.01483	-0.01164	0.00685
-0.14967	5.05707	-8.63759	-0.02106	-0.00100	-0.00022
-1.81563	7.80512	8.85599	-0.01813	-0.00642	0.00194
-12.92689	1.53684	3.62555	0.00473	-0.00151	0.01749
-6.29572	-11.52709	0.46173	-0.01593	0.00856	-0.00359
2.18596	-0.45245	9.38489	0.01347	-0.01625	-0.00392
-0.45074	-11.38576	-7.45639	0.01800	-0.00157	0.00131
-7.69943	5.36463	-1.48985	-0.01117	-0.01215	0.01397
-3.26317	11.26093	-3.70550	0.01587	0.00115	-0.01047
-4.03929	10.79848	2.93045	0.00823	-0.00166	0.01745
8.51164	5.03926	6.93536	0.00267	0.01369	-0.01322
8.98119	8.02223	-2.03420	-0.01012	0.00771	-0.01427
4.69788	4.13942	7.77787	-0.00405	-0.01717	0.01159
5.37212	-6.06374	-6.45267	-0.01773	-0.00745	-0.00776
-8.06592	-0.33640	5.70216	-0.01156	0.00801	-0.01588
1.24741	8.08634	4.98810	0.00655	-0.01149	0.01699
-9.51469	-2.17366	-1.44046	0.00205	0.00468	-0.02061
8.08514	-0.19992	-4.45590	0.00939	-0.00938	0.01746
6.52666	-7.18347	3.99791	-0.01613	-0.01111	0.00637
1.31988	-0.91276	13.79925	0.00948	0.01523	0.00010
-10.52050	3.09105	-1.87189	0.00094	-0.00791	-0.01836
-0.41930	6.29658	10.28511	-0.00144	-0.01638	0.00997
-9.86447	-3.86753	6.14318	-0.01130	0.00747	-0.01345
3.48909	-5.52058	-8.94013	0.00919	0.01655	-0.00663
-0.04860	9.26490	-0.00343	-0.01294	-0.00007	-0.01767
0.58005	-7.99051	-6.84175	0.01933	-0.00369	0.00595
-3.12945	-8.08315	0.14648	0.00503	-0.00155	0.02200
1.26470	-10.50531	-3.40476	-0.01984	-0.00170	-0.00214
-0.91663	-7.69573	6.01031	0.01253	0.00964	0.01426
-10.27701	1.69985	3.49414	0.00451	0.01924	0.00389
-9.06688	-1.72072	-3.28439	0.00400	-0.02093	-0.00008
2.52873	-2.33816	8.17941	-0.02012	-0.00907	0.00363
-12.07312	1.97843	-6.22122	-0.00833	-0.00881	0.01336
-1.55270	6.08531	6.93950	0.02134	0.00045	0.00438
-11.50136	-4.54473	-1.20490	-0.00531	0.01581	-0.00901
-2.44383	-7.76188	-6.83826	0.01950	-0.00067	-0.00621
-8.30973	-5.98973	9.47805	-0.01012	-0.00674	-0.01313
12.24739	3.61359	1.91151	-0.00386	0.00367	0.01782
-7.68046	-0.44698	4.32726	0.00736	-0.01796	0.01122
8.63287	5.13396	6.94447	-0.01051	0.01592	0.00130
2.32787	-9.51984	-0.39215	-0.01542	-0.00318	-0.01434
-0.64478	2.48010	13.50409	0.00980	-0.01479	0.00319
-8.09141	-2.06313	-10.00348	-0.00957	0.01516	0.00462
9.23929	-3.77758	-1.12579	0.00218	0.01069	-0.01800
-8.80814	7.93587	-5.26606	0.01134	0.01443	0.00278
-5.73188	-9.81844	-1.37907	0.01458	-0.00691	-0.01136
-8.18121	-2.63212	-5.73796	-0.00960	0.01751	0.00566
-11.08360	-1.89128	1.05914	-0.00251	0.01851	0.00678
-3.95050	6.79523	8.62214	-0.00278	-0.01580	0.01118
-1.46801	-6.92104	-10.05328	0.01358	0.01000	-0.00887
-9.58551	3.82406	0.23814	-0.00245	-0.00735	0.01927
6.71192	11.53395	2.23491	0.01197	-0.00446	-0.01292
4.54062	8.87335	-8.61683	0.01344	-0.01161	-0.00487
-2.22792	11.17142	1.87450	0.01261	0.00491	-0.01426
1.44583	-10.13944	2.52136	0.02035	0.00270	-0.00080
-7.22745	-0.57553	-6.04324	-0.00030	0.02163	-0.00171
2.53831	-12.93112	-1.96799	-0.01723	-0.00252	-0.00565
-6.27527	5.50943	-7.33218	-0.01649	-0.00786	0.00821
-5.27602	10.17435	0.32943	-0.01641	-0.00828	-0.00714
-6.98675	-11.50453	3.94547	0.01545	-0.00801	0.00400
-6.11726	-4.72262	-8.36399	0.00934	0.01136	-0.01324
5.49808	8.91869	7.13485	0.00079	0.01141	-0.01488
0.05136	2.57338	8.58630	-0.00049	-0.02131	0.00639
0.31279	-1.28992	9.82113	-0.00957	-0.01878	-0.00216
-1.17466	-9.31807	5.81887	-0.01061	0.00998	0.01383
8.61709	-4.49516	-5.58552	0.00830	-0.00554	0.01726
12.37129	-4.24405	3.51582	-0.00457	-0.01701	-0.00445
3.38637	-2.75412	-9.26009	0.01315	0.01618	-0.00000
-1.67769	-8.47174	3.49017	-0.00125	0.00852	0.02007
11.65755	4.11046	0.36350	0.00299	-0.00990	0.01594
11.16103	4.17724	2.23373	-0.00683	0.01047	0.01455
-4.75452	-10.77399	-3.14569	0.00182	0.00460	-0.01849
-2.09711	9.83630	-2.41831	0.00223	0.00537	0.01991
8.96718	1.49518	9.89048	0.01317	0.00265	-0.01234
4.42652	-3.10191	9.56444	0.01822	-0.00046	-0.00858
1.53415	-9.08349	8.18642	-0.00581	0.01158	0.01394
-10.63677	2.25687	-5.80607	-0.00453	0.01284	0.01330
-3.63405	-8.91319	-4.14409	0.01234	0.00255	-0.01631
-8.17086	-2.22458	7.89589	0.01361	-0.00757	0.01195
-7.81564	10.83434	3.63871	-0.00662	-0.00941	0.01380
-9.04538	-3.06796	-2.28076	-0.00745	0.01970	0.00303
8.97197	-5.95990	7.72067	0.00283	0.01580	0.00891
-7.28203	4.03355	3.68300	0.01183	0.01836	0.00328
3.26982	-8.72493	5.73577	0.00373	0.01185	0.01590
-6.71701	-10.41955	-1.47848	0.01374	-0.01003	0.00825
-6.56853	-2.45656	-10.52220	-0.01589	0.00481	0.00880
-10.14393	7.51518	-1.19604	0.00795	0.00837	-0.01479
-9.11905	-5.22543	2.81499	0.00244	0.00606	0.01915
8.59400	10.48452	-3.65890	-0.01313	0.01175	0.00282
6.28121	-3.26851	-9.07490	0.01556	-0.00272	0.01175
3.02327	-5.39233	9.02180	-0.00150	-0.01750	-0.00995
-2.74732	-8.20974	3.52270	0.02049	-0.00736	-0.00116
-4.03572	-8.52780	5.94244	0.01639	0.00023	0.01145
-6.52361	7.20759	7.68939	-0.01193	-0.01437	0.00335
2.51308	-2.92671	9.35203	0.01229	0.01688	0.00198
0.05601	-4.22319	-11.64700	-0.00965	-0.01538	0.00553
2.78588	12.51361	-4.99969	-0.00835	0.00749	0.01410
1.42282	11.40336	6.29650	0.01832	-0.00121	-0.00195
2.46426	-4.18309	10.04144	-0.01126	-0.01605	-0.00392
12.47830	2.30587	4.62132	-0.00277	-0.01194	0.01344
-5.31114	11.64304	-2.35122	0.01641	0.00808	0.00296
-0.28021	-9.19072	-8.06625	-0.00199	0.01257	-0.01425
-0.64765	-9.91093	3.40044	-0.00318	0.00679	0.01918
2.55674	-6.95725	8.20338	-0.01503	0.00746	0.01102
-2.53583	-10.39149	-1.87553	-0.00860	-0.00120	0.01830
-7.57664	6.20049	1.28867	-0.01328	-0.01650	0.00129
-4.81750	-2.52208	-7.43584	-0.00461	-0.01925	0.00951
2.96976	9.90095	1.35107	-0.01760	0.00647	-0.00870
4.61590	-5.61229	-5.00587	-0.00980	-0.01730	0.01037
7.44490	-5.09258	4.14425	0.01167	0.00287	-0.01743
-2.77237	-12.50878	4.52435	-0.01672	0.00535	0.00454
5.28781	1.07332	7.56206	0.00157	0.02142	-0.00413
-7.35583	-4.88847	-3.94988	-0.00192	-0.01160	0.01793
-4.16087	-10.75747	2.75461	0.00919	0.00081	0.01706
-0.53692	-2.88378	11.61518	-0.01147	-0.01493	-0.00424
10.68407	0.96771	-1.23254	0.00284	-0.01619	0.01193
3.55905	10.92129	5.96961	-0.01778	0.00529	0.00093
-10.75114	3.22815	-0.89340	0.00108	0.00856	0.01793
-0.84066	-12.07305	-4.31885	0.00470	0.00579	-0.01709
6.68672	3.80040	9.37851	0.01488	0.00284	-0.01176
-3.68793	3.77392	7.25601	0.01235	-0.01308	0.01308
-3.54913	11.09874	-4.37540	0.01756	0.00310	-0.00639
-0.94904	9.88952	-6.58442	-0.01374	0.00661	0.01191
0.01900	2.04632	12.79930	-0.01664	-0.00812	0.00132
-1.10316	-7.82663	-7.79228	-0.01375	-0.00926	0.01125
4.50494	-3.78931	-7.24014	-0.01240	-0.01788	0.00164
5.09551	9.65822	-4.75729	-0.00913	-0.00342	-0.01672
-5.72443	7.11295	-1.03207	-0.01106	-0.00630	0.01793
2.77720	3.30145	9.40440	-0.01970	-0.00144	0.00632
-4.56882	-5.28628	12.17056	0.01633	0.00188	0.00695
-6.40167	11.55756	-0.08431	0.01606	0.00889	-0.00112
2.20609	4.03418	11.33155	0.00037	-0.01802	0.00634
6.11019	-7.68128	-1.86438	-0.01542	-0.00968	-0.01067
4.42722	-1.66516	12.49462	-0.01013	0.01421	0.00548
11.49527	2.35157	6.48631	0.00939	-0.00501	-0.01483
-8.38535	1.76298	7.16507	0.00202	0.01972	-0.00248
-0.97615	-1.66340	12.13802	0.01365	0.01298	0.00288
2.38123	-13.33666	-0.89394	0.00515	-0.00025	0.01740
1.13627	-9.76221	3.11813	0.02052	0.00289	0.00156
2.55741	12.95662	1.88443	0.01765	-0.00292	-0.00388
-0.88777	5.45606	-8.08262	-0.00590	0.01667	0.01190
-5.21251	1.70024	9.98956	0.00380	-0.01871	0.00517
0.73439	-9.22489	0.86449	-0.02174	-0.00186	-0.00139
7.22808	-10.44007	-2.65945	-0.00987	-0.00290	-0.01544
-0.36035	-9.43573	4.46362	-0.02013	0.00256	0.00379
-4.48323	-5.52130	-8.82569	-0.00880	-0.01271	0.01242
10.48127	-2.34951	-4.93979	-0.00095	0.01666	-0.00994
-8.88675	-4.69974	8.81800	0.00429	-0.01711	-0.00479
3.24469	8.86123	4.05004	0.00022	-0.00872	0.01890
-4.60431	-1.27318	-12.05579	0.01500	-0.00988	-0.00468
12.48018	5.74214	-1.19414	-0.00706	0.01613	0.00375
-7.86336	10.42551	4.37921	0.00202	-0.00561	0.01700
-10.83087	3.01062	4.64301	-0.00611	0.00496	-0.01746
6.23222	7.54253	-5.08417	-0.00882	-0.00450	-0.01750
6.80019	-10.40628	2.99916	-0.01571	-0.01009	0.00061
8.32598	-4.97521	-9.85294	-0.00686	-0.01643	0.00250
10.60039	-1.81130	4.18920	0.00726	0.01316	-0.01267
1.87034	-10.87247	3.01013	0.00836	-0.00342	-0.01756
0.47309	4.48558	10.26013	-0.00047	0.01828	-0.00797
5.78925	6.62570	1.35192	0.01260	-0.01356	0.01249
3.01146	12.31367	-2.62747	0.01352	-0.00059	0.01273
-7.62250	3.05380	9.42357	0.01210	0.01347	0.00542
-11.64582	-3.97076	-1.65062	0.00649	-0.01510	-0.00946
5.25219	2.69944	7.90519	-0.01132	0.01791	0.00141
-0.69129	3.83035	-11.95990	0.00085	-0.01791	-0.00579
-8.56828	7.76173	3.99034	-0.00791	0.00021	-0.01739
-3.20217	0.10536	-9.61566	0.00491	0.02032	-0.00141
-7.00621	-0.87536	-11.14030	0.01559	-0.00100	-0.00973
10.19987	0.94177	-4.05081	-0.00157	0.02004	0.00072
-4.24923	4.66149	9.85990	-0.00821	0.01438	-0.01034
0.20275	9.89107	-0.46392	-0.01733	0.00093	0.01217
8.32165	9.05901	3.09206	-0.00958	0.01235	-0.01038
-1.02707	-2.05500	-12.88449	-0.01285	0.01323	-0.00109
-1.11737	7.56442	9.07080	-0.00871	-0.01382	0.01045
-8.17591	-2.99039	-5.36836	-0.01041	-0.00342	0.01775
3.00853	1.66702	-9.73749	-0.00176	0.02047	0.00296
-2.88449	-1.90076	-9.47704	-0.01220	-0.01567	0.00685
-3.91379	-0.47263	12.63062	0.00992	0.01503	0.00364
4.49077	-1.31958	11.39390	0.01080	-0.01450	-0.00594
0.06548	-8.91070	-6.20668	0.01197	-0.00928	0.01345
-9.55677	-5.85719	-3.69189	0.00867	-0.00338	-0.01707
-5.51542	8.17720	-8.72382	-0.01617	-0.00853	0.00223
-3.48149	-10.65562	0.79109	0.01711	-0.00619	-0.00811
0.79799	-4.69828	13.09976	-0.01591	0.00738	0.00362
8.06697	5.83856	1.07623	0.00620	-0.01160	0.01647
-6.91124	-7.97648	6.16073	-0.00218	0.01275	0.01407
-5.09359	3.71452	-11.18558	0.01207	0.01419	-0.00079
9.50923	4.30518	-5.82901	0.00296	-0.01734	-0.00798
8.03981	4.47727	-4.27451	0.01155	-0.00468	0.01683
-9.01510	0.17494	5.04230	-0.00617	-0.01684	-0.01045
-11.53609	-2.79507	5.22384	0.00201	0.01405	0.01195
0.17234	0.87964	13.06731	0.01442	0.01150	-0.00096
-2.24799	-2.82591	-7.98459	-0.01839	-0.00970	0.00861
0.24794	-3.04723	13.13073	0.00030	0.01773	0.00411
-10.46504	-6.55101	4.91327	0.00801	-0.01595	-0.00420
-12.40555	4.62195	-1.89424	-0.00675	-0.01449	0.00886
-8.01021	4.82583	1.37917	0.00190	0.00879	-0.01973
2.48824	-9.01037	7.28641	0.00835	0.01235	0.01242
-6.87289	-8.54788	-8.29106	0.01555	-0.00757	-0.00509
4.45550	-4.14456	-6.83088	-0.01719	-0.01343	-0.00306
3.45691	2.76569	8.62988	0.01809	-0.01080	-0.00379
2.83294	13.66054	0.44007	0.01654	-0.00324	-0.00602
-1.23829	4.72137	-7.59949	-0.02193	-0.00059	0.00321
1.01924	12.56570	-5.59898	0.01783	-0.00036	0.00243
10.51430	3.09150	-4.07922	0.00848	-0.01251	0.01238
-0.46406	7.64244	-10.32315	-0.01175	0.01137	0.00895
0.29640	-5.40872	10.43267	-0.01822	0.00590	0.00358
3.72959	2.99337	9.93249	-0.01882	-0.00006	0.00708
2.75792	-8.78479	-10.17126	-0.01740	-0.00474	-0.00062
-1.42220	-10.57572	-7.66533	0.01077	0.00780	-0.01277
-1.97992	-9.95993	3.12651	0.00087	-0.00628	-0.01947
0.42442	-3.82327	-13.29094	0.01744	-0.00398	0.00170
8.99782	-6.18390	5.80687	-0.00389	-0.01542	-0.01039
10.98142	-6.37447	3.70313	-0.00592	-0.01516	-0.00855
-10.34972	-0.57141	4.43284	0.00781	-0.00505	0.01758
9.54947	7.02391	1.25019	-0.01152	0.01485	0.00457
-7.11284	-2.85650	-5.73387	0.00748	0.01279	-0.01565
-10.77405	0.98394	-0.62015	-0.00024	0.00890	0.01822
-9.92709	4.73201	5.61654	-0.00207	0.01249	-0.01418
-9.92012	8.76063	-2.25717	0.00579	0.00214	-0.01717
-3.39498	-0.58408	-8.39030	-0.00176	-0.02194	0.00224
2.45336	-10.46226	-7.14257	-0.01244	0.00569	-0.01261
-10.21039	-2.61536	2.82460	0.00239	-0.01828	-0.00827
-4.22739	7.97413	-7.28630	0.01772	0.00831	-0.00119
-4.33792	10.78576	2.59918	-0.01366	-0.00815	0.01102
-5.26533	7.47184	5.12669	-0.00699	0.00738	-0.01793
-6.30973	4.73162	-4.01109	-0.01110	0.00164	0.01938
-5.54823	-0.75512	6.61791	-0.00507	0.02197	-0.00175
2.51448	-1.39272	13.11126	0.00774	0.01652	0.00027
-8.49258	4.02275	-7.10335	0.00368	-0.01440	-0.01256
11.34275	-3.02283	1.02774	0.00361	0.00758	-0.01755
9.88813	0.65993	-7.10933	-0.01070	-0.00425	-0.01528
7.13466	-7.78013	-7.45422	0.01456	0.00254	0.01128
-1.98591	9.11981	-5.59100	-0.01875	-0.00651	-0.00395
-0.07446	-2.41906	8.95396	-0.01014	0.01874	0.00498
-7.09114	-2.77063	-8.23622	-0.01520	0.00062	0.01288
-5.93422	-6.65646	-8.10331	0.00972	-0.01560	0.00569
-6.72398	1.17644	-7.83633	0.01316	0.01295	-0.00935
-10.75596	0.72862	-7.39301	0.00032	-0.01834	-0.00227
-0.15532	4.77092	8.52697	-0.01826	0.00948	-0.00564
-12.86392	1.97514	4.98577	-0.00274	-0.01770	-0.00005
-4.71091	-5.28775	8.28598	0.00482	0.01519	0.01244
6.70857	-7.90441	-5.56860	-0.01595	-0.00989	-0.00518
4.33200	7.47991	-2.51102	-0.00269	-0.00560	-0.02132
-8.50413	6.50551	1.93038	0.00416	-0.00043	0.01980
8.14202	7.03930	-4.05210	-0.00615	0.01415	0.01223
-12.06063	2.77111	-3.72058	0.00312	-0.00832	-0.01633
-1.92998	-13.41742	0.99411	-0.01311	0.00096	-0.01249
-7.35140	6.56539	6.94172	0.01095	0.01552	-0.00308
-8.33197	-1.71730	-7.35435	0.01175	-0.01220	-0.01047
-2.63923	6.38554	-11.84008	0.01071	0.01366	0.00498
-6.98214	0.96553	-10.41181	-0.01327	-0.01079	0.00790
5.65628	-3.29466	-7.34818	0.01345	0.01617	0.00310
-1.83632	-8.23684	-4.86323	-0.00538	-0.00961	0.01831
-10.24974	4.33390	-1.56866	0.00435	0.01484	0.01255
11.67475	1.67972	-2.96461	-0.00214	-0.01168	-0.01503
7.84823	-3.91648	-1.93255	-0.01048	-0.01930	-0.00346
0.51794	-9.59914	0.74265	0.00935	0.00199	0.01923
-9.75290	-7.70171	2.47189	0.00184	-0.00778	-0.01698
-8.13391	-0.71316	-8.53394	0.01378	-0.00512	-0.01271
-9.22327	6.04221	0.17255	-0.00579	-0.00932	0.01685
-9.04480	-7.49872	-0.01519	0.00262	-0.00312	-0.01905
-6.49856	-5.05731	-4.51301	-0.01481	0.01541	0.00406
2.52117	2.99229	8.57071	0.00080	0.02042	-0.00736
-10.55296	1.18721	-6.16623	-0.00781	0.00873	0.01504
1.38940	7.00939	6.72747	-0.01588	-0.00805	0.01167
6.34878	-4.62534	3.65193	0.00137	0.01512	0.01678
-3.57191	8.07790	-1.24536	-0.01226	-0.00802	-0.01682
-0.57842	11.87736	0.41031	-0.00809	-0.00100	0.01756
2.61532	8.30441	-4.01227	0.00402	-0.01022	-0.01852
-8.93386	-3.27627	-4.31835	-0.00306	-0.01271	0.01597
